750
113
287
211
87
561
275
109
820
181
546
149
645
588
4
314
90
127
217
550
125
951
570
241
329
972
962
802
677
196
436
969
509
557
799
265
70
154
483
761
22
775
906
500
286
78
964
605
867
328
228
942
728
732
504
166
296
479
559
302
472
725
81
450
281
745
451
803
457
463
905
179
364
644
309
536
567
23
779
963
7
614
176
28
507
430
387
3
576
229
197
654
549
260
877
532
723
499
294
103
439
348
551
38
423
756
899
890
493
826
100
74
367
997
864
497
230
606
13
485
921
11
604
480
896
638
913
746
729
812
777
148
411
771
560
216
468
202
623
502
830
594
712
845
247
255
924
219
278
404
370
159
939
5
860
83
488
301
736
889
950
908
391
19
446
89
300
393
922
880
254
277
836
706
888
416
596
251
663
907
688
92
514
222
869
887
629
626
893
347
98
140
145
768
994
193
50
360
473
201
724
189
320
855
25
602
555
381
848
111
508
539
406
742
533
313
531
389
349
187
34
433
41
757
429
648
292
792
467
815
139
923
323
305
613
727
679
819
616
755
184
541
106
926
754
298
167
9
60
718
719
440
992
641
739
530
627
203
21
272
987
936
678
747
225
48
935
456
704
279
178
839
708
886
954
35
358
233
900
435
268
516
831
671
776
267
692
120
844
823
460
874
669
865
352
998
584
412
785
245
210
656
743
73
931
274
944
311
610
986
970
575
462
707
786
650
361
778
332
396
811
209
878
852
208
29
39
933
356
334
506
975
870
687
851
212
526
554
299
804
827
978
722
807
574
400
232
863
693
213
597
284
283
261
593
303
611
741
62
377
842
442
790
142
362
733
378
346
591
850
983
177
787
421
925
240
565
854
379
821
640
652
658
809
380
619 999
262 418
263 398
615 403
797 322
118 427
372 445
114 449
108 324
543 306
894 902
469 892
94 253
470 221
91 916
88 207
289 496
471 190
814 699
744 749
408 696
409 750
204 512
392 783
242 603
661 600
553 598
169 587
249 578
837 798
162 568
183 564
861 558
847 523
8 363
51 84
15 97
995 985
20 54
341 104
27 152
344 53
521 79
795 945
511 180
339 395
721 980
581 762
796 476
402 466
513 419
386 417
817 399
26 117
665 185
438 86
401 618
155 782
153 68
150 979
620 788
813 69
200 589
10 974
195 586
413 968
415 552
714 548
929 542
846 527
256 634
840 635
243 752
751 659
67 310
31 683
960 295
105 291
885 685
740 941
982 898
735 264
481 901
686 940
475 904
44 909
101 237
873 700
461 175
856 191
617 884
524 946
670 673
522 64
458 883
993 636
991 633
447 698
770 666
327 660
231 57
912 58
304 630
383 668
307 631
858 637
881 676
368 37
376 632
394 608
270 158
800 337
236 343
318 335
765 269
537 607
72 257
808 161
99 248
956 246
544 224
716 215
977 214
494 206
49 720
52 131
482 66
703 82
701 535
726 510
988 85
674 498
455 487
422 484
932 432
410 119
424 384
444 717
133 0
832 910
137 731
138 781
452 824
454 961
130 806
562 828
371 981
794 897
518 793
407 928
801 868
525 773
345 218
490 918
443 911
414 223
572 628
571 428
835 359
833 271
853 580
872 577
862 871
388 331
825 366
841 882
662 789
129 599
903 601
259 385
157 390
188 280
697 919
953 59
984 116
653 759
80 529
643 71
760 55
915 990
675 46
115 709
625 710
93 816
182 2
612 128
285 934
156 545
937 927
330 464
12 143
321 503
30 818
134 838
32 834
147 375
947 501
705 492
144 495
891 465
583 478
297 266
40 353
943 171
547 168
124 160
146 163
151 949
474 126
459 123
6 957
18 958
528 102
952 96
534 95
695 965
689 967
973 76
681 65
737 61
805 47
622 36
252 996
437 172
857 930
273 338
373 876
609 250
365 288
244 238
290 234
573 226
355 198
350 582
879 651
866 810
336 657
566 711
382 758
624 769
426 774
664 563
173 684
199 595
165 753
920 517
405 590
763 715
227 579
434 585
369
791
121
540
24
766
205
520
312
917
136
315
966
875
453
702
425
342
730
672
374
655
649
489
293
938
112
132
276
186
63
505
849
77
713
822
519
235
45
14
592
43
682
486
690
325
441
319
491
75
239
738
895
569
515
164
780
110
174
667
326
1
914
959
556
351
357
317
691
680
642
538
647
639
316
621
340
107
258
694
354
170
772
859
971
767
976
220
843
764
955
431
829
42
397
989
17
33
477
135
16
948
141
646
784
192
748
734
194
282
308
448
420
333
122
56